50
0 38 58 21 17 19 92 74 9 56 62 68 97 55 47 54 30 25 85 62 76 43 15 8 37 97 46 36 49 88 29 79 46 28 87 79 13 0 93 76 74 52 100 57 73 55 86 85 86 45
38 0 21 85 27 69 90 44 77 82 8 2 73 78 44 36 4 76 96 98 44 90 69 9 64 95 51 68 52 33 83 8 75 49 14 30 98 39 57 32 29 91 69 29 100 46 83 85 61 77
58 21 0 69 83 54 26 27 92 55 98 24 37 99 8 62 45 49 12 50 81 93 18 29 69 46 82 11 96 30 48 58 32 48 2 21 57 43 84 2 65 50 42 2 21 69 44 75 67 35
21 85 69 0 44 21 97 28 85 64 91 12 43 0 6 83 80 0 91 69 1 9 56 92 56 76 18 42 53 27 86 32 62 81 49 92 36 85 36 23 21 88 54 3 67 80 4 11 32 54
17 27 83 44 0 36 90 65 17 12 76 40 42 16 67 60 36 86 65 20 68 75 38 57 75 64 57 77 94 9 65 74 55 98 30 71 61 68 94 59 44 42 38 88 96 59 83 77 88 97
19 69 54 21 36 0 15 17 74 7 95 86 81 6 40 95 19 97 13 73 21 46 37 52 41 49 31 67 85 37 35 99 82 84 79 49 12 58 72 17 43 52 95 96 50 22 35 98 58 11
92 90 26 97 90 15 0 74 72 29 68 53 6 71 93 86 91 33 43 83 68 74 52 20 59 99 49 44 24 62 14 71 7 89 28 98 28 90 11 7 81 83 85 68 53 62 95 87 37 86
74 44 27 28 65 17 74 0 15 44 28 37 7 44 18 43 57 22 15 26 88 100 87 30 77 70 0 78 30 69 39 27 75 28 68 32 12 71 31 28 91 100 71 34 66 89 8 0 73 89
9 77 92 85 17 74 72 15 0 31 93 41 87 84 18 52 100 50 35 26 75 0 23 42 97 51 22 67 4 7 0 81 69 23 57 24 78 99 97 99 92 18 97 61 81 67 35 60 2 33
56 82 55 64 12 7 29 44 31 0 55 77 0 78 92 48 21 43 42 53 74 98 74 84 51 23 61 80 21 2 45 77 27 22 59 75 53 75 78 39 83 39 9 12 95 84 24 53 56 53
62 8 98 91 76 95 68 28 93 55 0 22 26 37 72 26 43 38 18 83 48 25 89 71 29 65 38 79 59 12 49 67 48 28 44 5 78 8 22 77 21 34 74 41 73 55 43 29 53 100
68 2 24 12 40 86 53 37 41 77 22 0 47 49 46 43 20 69 87 90 66 3 16 55 50 61 32 3 4 57 83 1 53 45 0 49 27 51 11 77 48 6 39 7 87 50 7 54 4 27
97 73 37 43 42 81 6 7 87 0 26 47 0 41 44 43 42 48 21 47 76 48 28 35 11 98 0 33 99 98 97 3 0 79 75 70 95 37 95 23 82 4 12 87 42 90 45 22 48 83
55 78 99 0 16 6 71 44 84 78 37 49 41 0 26 48 17 45 81 22 97 10 87 17 13 89 94 97 16 13 77 38 71 96 87 2 16 37 58 25 2 36 38 10 20 24 47 48 29 36
47 44 8 6 67 40 93 18 18 92 72 46 44 26 0 15 13 30 63 21 21 80 89 43 61 94 68 34 23 100 89 92 64 63 83 90 71 19 74 92 27 80 99 1 66 77 42 62 40 84
54 36 62 83 60 95 86 43 52 48 26 43 43 48 15 0 86 100 63 15 87 28 36 85 79 25 95 96 12 49 17 96 59 40 54 41 0 14 77 88 70 71 72 75 54 39 15 82 38 78
30 4 45 80 36 19 91 57 100 21 43 20 42 17 13 86 0 18 43 18 33 56 91 1 21 98 85 23 84 10 5 34 62 29 49 38 93 67 27 58 42 26 21 5 70 4 27 89 21 71
25 76 49 0 86 97 33 22 50 43 38 69 48 45 30 100 18 0 28 1 31 80 46 64 61 24 16 10 62 57 6 94 3 15 87 91 91 50 56 74 33 79 98 31 55 69 69 47 33 11
85 96 12 91 65 13 43 15 35 42 18 87 21 81 63 63 43 28 0 45 70 46 28 0 67 82 41 74 45 66 77 71 80 24 57 100 47 51 8 94 15 88 63 88 97 21 28 17 11 69
62 98 50 69 20 73 83 26 26 53 83 90 47 22 21 15 18 1 45 0 47 14 26 100 97 18 82 63 29 7 93 97 33 42 27 34 46 92 56 31 34 40 41 76 34 78 54 76 65 70
76 44 81 1 68 21 68 88 75 74 48 66 76 97 21 87 33 31 70 47 0 60 1 76 99 41 55 51 38 60 51 19 97 59 35 20 22 30 87 70 95 6 86 28 76 60 66 1 73 65
43 90 93 9 75 46 74 100 0 98 25 3 48 10 80 28 56 80 46 14 60 0 79 2 42 51 0 80 72 21 8 43 88 78 34 78 45 32 46 90 50 72 19 76 43 17 61 59 86 99
15 69 18 56 38 37 52 87 23 74 89 16 28 87 89 36 91 46 28 26 1 79 0 83 46 13 16 69 43 81 90 18 63 22 65 43 44 48 41 53 73 89 84 42 89 28 99 35 5 48
8 9 29 92 57 52 20 30 42 84 71 55 35 17 43 85 1 64 0 100 76 2 83 0 84 54 16 93 44 19 78 8 54 87 54 58 57 55 15 29 15 63 97 1 35 18 26 52 24 73
37 64 69 56 75 41 59 77 97 51 29 50 11 13 61 79 21 61 67 97 99 42 46 84 0 71 63 76 5 18 14 42 22 77 96 68 46 21 0 49 82 100 6 71 13 16 65 8 96 1
97 95 46 76 64 49 99 70 51 23 65 61 98 89 94 25 98 24 82 18 41 51 13 54 71 0 73 99 88 99 14 61 67 58 48 69 68 65 29 35 91 75 73 74 10 93 28 97 61 81
46 51 82 18 57 31 49 0 22 61 38 32 0 94 68 95 85 16 41 82 55 0 16 16 63 73 0 97 67 20 88 46 61 42 61 71 12 9 61 68 24 8 93 30 31 91 72 85 88 73
36 68 11 42 77 67 44 78 67 80 79 3 33 97 34 96 23 10 74 63 51 80 69 93 76 99 97 0 8 52 13 53 8 83 61 26 17 56 83 91 1 55 7 81 55 96 26 61 61 17
49 52 96 53 94 85 24 30 4 21 59 4 99 16 23 12 84 62 45 29 38 72 43 44 5 88 67 8 0 66 75 81 74 37 47 5 1 85 26 19 3 84 4 77 48 70 43 37 83 46
88 33 30 27 9 37 62 69 7 2 12 57 98 13 100 49 10 57 66 7 60 21 81 19 18 99 20 52 66 0 78 83 60 20 13 27 88 77 24 75 67 75 61 1 91 48 58 47 78 69
29 83 48 86 65 35 14 39 0 45 49 83 97 77 89 17 5 6 77 93 51 8 90 78 14 14 88 13 75 78 0 86 97 82 20 98 30 85 71 39 65 97 64 52 71 33 75 5 39 73
79 8 58 32 74 99 71 27 81 77 67 1 3 38 92 96 34 94 71 97 19 43 18 8 42 61 46 53 81 83 86 0 14 4 11 30 96 52 26 68 33 2 88 85 5 57 0 22 85 99
46 75 32 62 55 82 7 75 69 27 48 53 0 71 64 59 62 3 80 33 97 88 63 54 22 67 61 8 74 60 97 14 0 98 49 4 63 59 28 31 5 70 88 97 35 18 41 24 67 6
28 49 48 81 98 84 89 28 23 22 28 45 79 96 63 40 29 15 24 42 59 78 22 87 77 58 42 83 37 20 82 4 98 0 46 84 98 12 89 29 73 2 42 21 59 23 12 7 51 24
87 14 2 49 30 79 28 68 57 59 44 0 75 87 83 54 49 87 57 27 35 34 65 54 96 48 61 61 47 13 20 11 49 46 0 98 23 67 22 16 12 2 22 87 69 18 82 7 34 59
79 30 21 92 71 49 98 32 24 75 5 49 70 2 90 41 38 91 100 34 20 78 43 58 68 69 71 26 5 27 98 30 4 84 98 0 85 61 14 23 74 71 14 54 27 9 96 34 6 72
13 98 57 36 61 12 28 12 78 53 78 27 95 16 71 0 93 91 47 46 22 45 44 57 46 68 12 17 1 88 30 96 63 98 23 85 0 3 41 12 100 89 33 85 21 71 0 78 11 54
0 39 43 85 68 58 90 71 99 75 8 51 37 37 19 14 67 50 51 92 30 32 48 55 21 65 9 56 85 77 85 52 59 12 67 61 3 0 10 30 10 93 55 97 92 48 80 79 31 90
93 57 84 36 94 72 11 31 97 78 22 11 95 58 74 77 27 56 8 56 87 46 41 15 0 29 61 83 26 24 71 26 28 89 22 14 41 10 0 79 52 82 84 56 40 10 53 89 21 50
76 32 2 23 59 17 7 28 99 39 77 77 23 25 92 88 58 74 94 31 70 90 53 29 49 35 68 91 19 75 39 68 31 29 16 23 12 30 79 0 81 43 31 43 2 25 98 10 22 25
74 29 65 21 44 43 81 91 92 83 21 48 82 2 27 70 42 33 15 34 95 50 73 15 82 91 24 1 3 67 65 33 5 73 12 74 100 10 52 81 0 45 22 25 85 21 28 98 99 43
52 91 50 88 42 52 83 100 18 39 34 6 4 36 80 71 26 79 88 40 6 72 89 63 100 75 8 55 84 75 97 2 70 2 2 71 89 93 82 43 45 0 23 20 35 45 2 30 75 65
100 69 42 54 38 95 85 71 97 9 74 39 12 38 99 72 21 98 63 41 86 19 84 97 6 73 93 7 4 61 64 88 88 42 22 14 33 55 84 31 22 23 0 18 37 50 11 85 92 37
57 29 2 3 88 96 68 34 61 12 41 7 87 10 1 75 5 31 88 76 28 76 42 1 71 74 30 81 77 1 52 85 97 21 87 54 85 97 56 43 25 20 18 0 55 82 13 82 74 72
73 100 21 67 96 50 53 66 81 95 73 87 42 20 66 54 70 55 97 34 76 43 89 35 13 10 31 55 48 91 71 5 35 59 69 27 21 92 40 2 85 35 37 55 0 31 96 66 77 70
55 46 69 80 59 22 62 89 67 84 55 50 90 24 77 39 4 69 21 78 60 17 28 18 16 93 91 96 70 48 33 57 18 23 18 9 71 48 10 25 21 45 50 82 31 0 44 3 48 1
86 83 44 4 83 35 95 8 35 24 43 7 45 47 42 15 27 69 28 54 66 61 99 26 65 28 72 26 43 58 75 0 41 12 82 96 0 80 53 98 28 2 11 13 96 44 0 86 47 29
85 85 75 11 77 98 87 0 60 53 29 54 22 48 62 82 89 47 17 76 1 59 35 52 8 97 85 61 37 47 5 22 24 7 7 34 78 79 89 10 98 30 85 82 66 3 86 0 40 62
86 61 67 32 88 58 37 73 2 56 53 4 48 29 40 38 21 33 11 65 73 86 5 24 96 61 88 61 83 78 39 85 67 51 34 6 11 31 21 22 99 75 92 74 77 48 47 40 0 7
45 77 35 54 97 11 86 89 33 53 100 27 83 36 84 78 71 11 69 70 65 99 48 73 1 81 73 17 46 69 73 99 6 24 59 72 54 90 50 25 43 65 37 72 70 1 29 62 7 0
RBRRBBRBBBRRBRBBBBBBBRBRRBBBBRRBBBBBRBRRRBBBBRBBBR00000000000000000000000000000000000000000000000000